       10569.743       264.13589       7824.7549       13153.556       8834.8379
      -1113.1865       7788.4912       11830.222       10279.082      -4765.1211
       8130.1494       13944.966       12340.308       1019.6603       7524.5142
       14489.546      -7600.6890       531.73267       599.26312       7639.0493
      -7588.0518       528.95013       598.45178       7630.5078      -7599.9976
       433.29492       607.67267       7637.0898      -7600.3853       459.15353
       606.99219       7634.6582
       10238.946       94.696136       7861.1406       12909.009       8702.0449
      -1448.7174       7818.5581       11787.884       10660.553      -4989.3770
       8125.3042       14302.696       11902.203       970.30524       7550.8262
       14128.543      -7600.7456       530.52155       599.37891       7639.0776
      -7588.1353       527.73950       598.57062       7630.5142      -7600.0728
       432.08426       607.79077       7637.1035      -7600.4355       457.94174
       607.10730       7634.6914
       9935.7881      -107.56492       7897.9214       12692.856       8610.5186
      -1796.9631       7846.8813       11787.436       11033.827      -5067.2646
       8111.0879       14601.488       11510.755       916.55627       7574.7529
       13809.995      -7600.8022       529.31036       599.49469       7639.1060
      -7588.2183       526.52887       598.68951       7630.5205      -7600.1475
       430.87357       607.90881       7637.1167      -7600.4863       456.72995
       607.22247       7634.7251
       9662.9766      -340.01578       7934.7646       12507.966       8561.2383
      -2154.0432       7873.1621       11828.837       11288.379      -4741.4956
       8076.5229       14668.101       11125.505       806.97260       7601.5591
       13498.556      -7600.8589       528.09918       599.61053       7639.1338
      -7588.3013       525.31824       598.80835       7630.5273      -7600.2222
       429.66287       608.02686       7637.1309      -7600.5366       455.51819
       607.33765       7634.7588
       9423.1748      -599.37860       7971.2930       12357.062       8554.8613
      -2515.8801       7897.1040       11911.320       11479.674      -4270.2988
       8035.8901       14648.697       10767.099       665.29700       7628.6807
       13212.497      -7600.9160       526.88800       599.72632       7639.1621
      -7588.3843       524.10760       598.92725       7630.5342      -7600.2969
       428.45221       608.14490       7637.1445      -7600.5874       454.30640
       607.45282       7634.7920
       9218.6553      -882.35919       8007.1553       12242.413       8591.7109
      -2878.4768       7918.4424       12033.487       11668.354      -3835.0327
       7997.9419       14657.072       10433.458       487.20340       7656.4712
       12950.515      -7600.9727       525.67688       599.84216       7639.1904
      -7588.4673       522.89691       599.04608       7630.5405      -7600.3716
       427.24152       608.26294       7637.1582      -7600.6382       453.09464
       607.56799       7634.8257
       9051.2920      -1185.7866       8042.0337       12165.783       8671.6924
      -3237.5823       7936.9160       12193.228       11831.820      -3374.4744
       7959.8433       14653.878       10128.870       277.03320       7684.4204
       12716.961      -7601.0298       524.46570       599.95795       7639.2183
      -7588.5503       521.68628       599.16492       7630.5474      -7600.4458
       426.03082       608.38092       7637.1719      -7600.6890       451.88284
       607.68317       7634.8589
       8922.8408      -1505.8489       8075.5752       12128.461       8794.3906
      -3589.1584       7952.3013       12387.996       11979.065      -2913.5549
       7922.7554       14654.609       9855.8555       37.585316       7712.2065
       12514.688      -7601.0869       523.25452       600.07379       7639.2461
      -7588.6328       520.47565       599.28375       7630.5542      -7600.5205
       424.82013       608.49896       7637.1860      -7600.7397       450.67108
       607.79840       7634.8921
       8834.6582      -1838.7783       8107.4551       12131.080       8959.0391
      -3929.3896       7964.4077       12614.923       12106.875      -2445.4756
       7886.4009       14654.414       9616.9863      -227.74921       7739.4746
       12346.570      -7601.1440       522.04340       600.18964       7639.2739
      -7588.7158       519.26495       599.40259       7630.5610      -7600.5947
       423.60941       608.61700       7637.1997      -7600.7905       449.45929
       607.91357       7634.9253
       8787.7529      -2180.7676       8137.3672       12173.623       9164.5107
      -4254.1553       7973.0493       12870.725       12215.634      -1973.1180
       7850.9458       14654.424       9414.2939      -515.86115       7765.9131
       12214.927      -7601.2012       520.83221       600.30548       7639.3018
      -7588.7983       518.05432       599.52136       7630.5684      -7600.6694
       422.39871       608.73499       7637.2139      -7600.8418       448.24753
       608.02881       7634.9585
       8782.8262      -2527.8081       8165.0112       12255.416       9409.4150
      -4559.8247       7978.0854       13152.149       12305.320      -1496.2922
       7816.3755       14654.557       9249.6221      -823.29132       7791.2041
       12121.725      -7601.2583       519.62103       600.42139       7639.3296
      -7588.8809       516.84363       599.64020       7630.5752      -7600.7437
       421.18802       608.85297       7637.2280      -7600.8926       447.03577
       608.14404       7634.9917
